7 5 1 2 0 
5 7 9 8 3 
4 2 8 7 6 
3 5 2 4 8 
7 5 0 2 1 
8 4 7 0 9 
1 4 8 9 7 
6 2 9 1 5 
5 8 7 2 3 
7 0 1 8 2 
2 5 4 9 6 
7 4 3 1 9 
7 9 6 3 8 
7 5 8 3 2 
1 8 4 3 2 
2 8 9 4 0 
0 1 3 2 4 
8 6 5 0 7 
3 4 5 8 2 
2 5 6 9 8 
5 6 3 2 7 
4 6 0 8 5 
4 5 8 7 3 
6 8 3 1 4 
4 6 7 3 2 
7 1 0 6 8 
6 1 0 4 8 
4 3 6 7 0 
4 9 1 7 6 
9 1 8 6 2 
4 6 5 8 9 
0 9 1 5 4 
2 6 3 9 0 
2 1 0 8 3 
9 7 4 2 0 
0 7 5 1 6 
3 9 8 7 5 
3 1 8 6 2 
4 6 3 2 8 
7 4 8 0 9 
9 8 0 5 4 
8 3 0 1 4 
9 8 1 5 7 
7 3 1 8 0 
8 5 0 4 6 
2 3 6 0 7 
9 4 1 3 6 
